1, 31106
2, 31318
3, 25581
4, 3184
5, 18487
6, 20256
7, 29777
8, 12273
9, 8085
10, 31581
1, 25680
2, 17061
3, 538
4, 13390
5, 9892
6, 2726
7, 15916
8, 16767
9, 4871
10, 13371
11, 10260
12, 17555
13, 5524
14, 26443
15, 28059
16, 573
17, 10370
18, 5782
19, 27693
20, 6507
21, 17639
22, 13803
23, 2497
24, 27078
25, 26666
26, 12174
27, 8210
28, 7664
29, 2115
30, 4766
31, 28903
32, 1491
33, 31138
34, 2166
35, 3551
36, 15517
37, 6028
38, 30403
39, 12684
40, 6934
41, 17784
42, 28760
43, 22629
44, 539
45, 26669
46, 6456
47, 18716
48, 30503
49, 21839
50, 20852
51, 10854
52, 8168
53, 27011
54, 20711
55, 5277
56, 23482
57, 18748
58, 13952
59, 12008
60, 6273
61, 21054
62, 4675
63, 9838
64, 3290
65, 27284
66, 7145
67, 32542
68, 10545
69, 29796
70, 29810
71, 32622
72, 4981
73, 2497
74, 29427
75, 18625
76, 31479
77, 888
78, 27820
79, 16769
80, 888
81, 19792
82, 23635
83, 26296
84, 18403
85, 14513
86, 9344
87, 27195
88, 19102
89, 29857
90, 8808
91, 1652
92, 19059
93, 29447
94, 25248
95, 31626
96, 20778
97, 14386
98, 31898
99, 26449
100, 30893
1, 12826
2, 31535
3, 26594
4, 14545
5, 15760
6, 18030
7, 5552
8, 32452
9, 12999
10, 18451
11, 4781
12, 13021
13, 19699
14, 7461
15, 7577
16, 14627
17, 22580
18, 30075
19, 26503
20, 26172
21, 28475
22, 18453
23, 237
24, 21532
25, 32418
26, 16689
27, 13001
28, 25581
29, 4499
30, 22785
31, 3128
32, 16078
33, 26432
34, 13519
35, 2209
36, 14947
37, 21499
38, 4404
39, 2329
40, 32665
41, 18459
42, 31161
43, 3175
44, 18833
45, 1379
46, 21972
47, 3879
48, 2485
49, 24909
50, 17428
51, 15214
52, 27084
53, 393
54, 29295
55, 3233
56, 24007
57, 32573
58, 20458
59, 9966
60, 19410
61, 24328
62, 10867
63, 6942
64, 747
65, 13805
66, 7446
67, 23576
68, 19064
69, 18734
70, 6943
71, 18579
72, 29537
73, 7973
74, 31339
75, 18076
76, 29450
77, 15049
78, 13929
79, 25460
80, 3730
81, 25341
82, 5540
83, 2427
84, 14122
85, 28832
86, 15726
87, 15934
88, 2187
89, 31993
90, 31099
91, 10427
92, 20330
93, 31811
94, 12711
95, 9223
96, 31749
97, 23847
98, 18784
99, 4447
100, 8479
101, 17920
102, 23663
103, 20900
104, 5659
105, 888
106, 29577
107, 25611
108, 18023
109, 16605
110, 15148
111, 708
112, 21668
113, 3067
114, 12438
115, 29298
116, 23581
117, 5977
118, 4319
119, 17983
120, 31479
121, 19463
122, 31863
123, 11956
124, 27182
125, 20386
126, 20545
127, 31028
128, 4058
129, 24829
130, 23114
131, 28912
132, 20369
133, 32396
134, 29572
135, 9276
136, 13976
137, 2087
138, 32577
139, 13394
140, 4280
141, 18688
142, 19902
143, 10142
144, 11781
145, 32086
146, 21272
147, 5626
148, 5247
149, 16436
150, 15816
151, 20824
152, 8539
153, 321
154, 29854
155, 23738
156, 26317
157, 27993
158, 5204
159, 18487
160, 28792
161, 3832
162, 26639
163, 21247
164, 11179
165, 7922
166, 29228
167, 29984
168, 18325
169, 25869
170, 3703
171, 25333
172, 28704
173, 6692
174, 30538
175, 15658
176, 26435
177, 12951
178, 5436
179, 27712
180, 633
181, 30880
182, 240
183, 26038
184, 27066
185, 2011
186, 2299
187, 14876
188, 20282
189, 11958
190, 1779
191, 27494
192, 17965
193, 21214
194, 11012
195, 15134
196, 21965
197, 24347
198, 1208
199, 4760
200, 24873
201, 7594
202, 11881
203, 7166
204, 4980
205, 21702
206, 20531
207, 8250
208, 30773
209, 12596
210, 10557
211, 11605
212, 493
213, 8137
214, 31806
215, 1935
216, 31996
217, 24903
218, 19134
219, 20471
220, 3523
221, 10927
222, 26531
223, 17320
224, 28732
225, 19989
226, 28033
227, 1228
228, 8597
229, 4314
230, 6859
231, 18137
232, 9681
233, 26749
234, 1622
235, 10833
236, 32716
237, 23165
238, 32308
239, 25844
240, 30580
241, 7996
242, 29167
243, 9561
244, 6005
245, 12812
246, 20908
247, 9077
248, 2423
249, 14604
250, 2745
251, 11294
252, 2728
253, 19658
254, 8403
255, 9254
256, 24316
257, 17663
258, 7469
259, 18561
260, 16011
261, 15809
262, 30283
263, 3954
264, 22176
265, 26475
266, 25266
267, 27010
268, 31718
269, 24839
270, 14859
271, 31607
272, 24487
273, 30586
274, 2114
275, 142
276, 11803
277, 11547
278, 5868
279, 834
280, 13237
281, 1838
282, 53
283, 14692
284, 11710
285, 14191
286, 7052
287, 16119
288, 9
289, 7096
290, 1267
291, 17403
292, 14166
293, 11847
294, 24506
295, 26914
296, 28807
297, 3358
298, 26759
299, 15455
300, 16366
301, 29467
302, 8855
303, 10638
304, 876
305, 23777
306, 25987
307, 16903
308, 4530
309, 23709
310, 5572
311, 13619
312, 1396
313, 20168
314, 30075
315, 13237
316, 22749
317, 24464
318, 9933
319, 1457
320, 17634
321, 9637
322, 17210
323, 23812
324, 32280
325, 10378
326, 15173
327, 25382
328, 5625
329, 13436
330, 5998
331, 25552
332, 17175
333, 29953
334, 13084
335, 8164
336, 22534
337, 12917
338, 24789
339, 2841
340, 24180
341, 26929
342, 26051
343, 5137
344, 7906
345, 23805
346, 15172
347, 3370
348, 29120
349, 17643
350, 28386
351, 25215
352, 19671
353, 30590
354, 13240
355, 6578
356, 6303
357, 8532
358, 22644
359, 27465
360, 10157
361, 1615
362, 1255
363, 12835
364, 15823
365, 358
366, 6332
367, 957
368, 4144
369, 29696
370, 23285
371, 23816
372, 23676
373, 10193
374, 18932
375, 23853
376, 29493
377, 22693
378, 31022
379, 23277
380, 9449
381, 30569
382, 23265
383, 4112
384, 16437
385, 9798
386, 2592
387, 30819
388, 29090
389, 26085
390, 30121
391, 30572
392, 28677
393, 6826
394, 16737
395, 6991
396, 13103
397, 4793
398, 26087
399, 26784
400, 6866
401, 4651
402, 29408
403, 28801
404, 31771
405, 7865
406, 21665
407, 27907
408, 5706
409, 29752
410, 11953
411, 15747
412, 12267
413, 7432
414, 20782
415, 25051
416, 9683
417, 31267
418, 23695
419, 1809
420, 16942
421, 10941
422, 3898
423, 24464
424, 3637
425, 6107
426, 22751
427, 26520
428, 22539
429, 30656
430, 5928
431, 7357
432, 25368
433, 28445
434, 11343
435, 9711
436, 15620
437, 4529
438, 6599
439, 11909
440, 22785
441, 9233
442, 32234
443, 20244
444, 23865
445, 28735
446, 4203
447, 13015
448, 30682
449, 20842
450, 25530
451, 32038
452, 30369
453, 32025
454, 7971
455, 28284
456, 14176
457, 21564
458, 32712
459, 25165
460, 823
461, 19416
462, 6476
463, 9569
464, 20563
465, 5776
466, 5410
467, 13881
468, 6942
469, 5614
470, 24427
471, 3442
472, 32167
473, 14366
474, 32085
475, 806
476, 2018
477, 19287
478, 27692
479, 1927
480, 1165
481, 31427
482, 18638
483, 655
484, 14000
485, 6123
486, 28493
487, 20686
488, 19859
489, 15722
490, 14824
491, 2577
492, 10160
493, 20381
494, 1006
495, 8479
496, 12854
497, 14949
498, 5436
499, 14963
500, 9039
501, 26274
502, 16688
503, 30647
504, 11955
505, 15516
506, 23104
507, 20632
508, 1150
509, 15620
510, 28391
511, 18078
512, 31740
513, 2278
514, 30784
515, 20511
516, 32555
517, 4948
518, 10133
519, 30063
520, 9422
521, 6646
522, 11941
523, 8604
524, 17119
525, 2870
526, 10320
527, 30269
528, 24729
529, 11008
530, 14996
531, 26734
532, 18156
533, 20245
534, 14656
535, 19525
536, 26581
537, 9554
538, 19615
539, 10542
540, 17458
541, 28997
542, 16093
543, 17701
544, 21679
545, 1578
546, 2102
547, 20481
548, 8238
549, 22159
550, 5350
551, 25769
552, 22164
553, 24713
554, 32000
555, 18071
556, 16528
557, 31857
558, 10920
559, 15842
560, 3281
561, 12141
562, 24989
563, 10236
564, 19734
565, 11388
566, 10022
567, 30020
568, 243
569, 9699
570, 12373
571, 19935
572, 7150
573, 28081
574, 21446
575, 5534
576, 2203
577, 21793
578, 11794
579, 25180
580, 18867
581, 22905
582, 26580
583, 18211
584, 2407
585, 2862
586, 17715
587, 25333
588, 1416
589, 20991
590, 6398
591, 32656
592, 29869
593, 22191
594, 10524
595, 15376
596, 28387
597, 19359
598, 29908
599, 21130
600, 7589
601, 23891
602, 10861
603, 928
604, 12999
605, 27669
606, 3705
607, 32450
608, 18139
609, 7641
610, 13468
611, 5505
612, 28577
613, 3384
614, 31416
615, 25487
616, 44
617, 28508
618, 9091
619, 11207
620, 23679
621, 25857
622, 24645
623, 9969
624, 29320
625, 27881
626, 27098
627, 5905
628, 8122
629, 13688
630, 10904
631, 8514
632, 10562
633, 25119
634, 2992
635, 9084
636, 27153
637, 22923
638, 24153
639, 24427
640, 5420
641, 8833
642, 29854
643, 20654
644, 6317
645, 14938
646, 11456
647, 18708
648, 3716
649, 14827
650, 4705
651, 25835
652, 19457
653, 419
654, 14074
655, 12705
656, 28318
657, 31679
658, 32699
659, 28603
660, 10256
661, 473
662, 7237
663, 20529
664, 1692
665, 17697
666, 19579
667, 17531
668, 7461
669, 5129
670, 9363
671, 26816
672, 23275
673, 11918
674, 13137
675, 23566
676, 29676
677, 23474
678, 11991
679, 32536
680, 15353
681, 13562
682, 16511
683, 2172
684, 15915
685, 15543
686, 22489
687, 9369
688, 25691
689, 14939
690, 21104
691, 5048
692, 24289
693, 10783
694, 12446
695, 8257
696, 15050
697, 19081
698, 7851
699, 15373
700, 19525
701, 30478
702, 24418
703, 16721
704, 19437
705, 28358
706, 17428
707, 7863
708, 17428
709, 6943
710, 27438
711, 20028
712, 3865
713, 3536
714, 30485
715, 13301
716, 17087
717, 14713
718, 23354
719, 6899
720, 2805
721, 12085
722, 3605
723, 21476
724, 19829
725, 29940
726, 32749
727, 32282
728, 9934
729, 28851
730, 17571
731, 26550
732, 32472
733, 14934
734, 13905
735, 21943
736, 15432
737, 29359
738, 49
739, 15908
740, 24881
741, 10782
742, 18074
743, 24229
744, 16503
745, 3195
746, 512
747, 7780
748, 29857
749, 11665
750, 15920
751, 29353
752, 31189
753, 18028
754, 9838
755, 16649
756, 24264
757, 18682
758, 25204
759, 30142
760, 20416
761, 8544
762, 26448
763, 30688
764, 23341
765, 9345
766, 23490
767, 28342
768, 17472
769, 25525
770, 10292
771, 11664
772, 8584
773, 8433
774, 28232
775, 28284
776, 16168
777, 5916
778, 958
779, 21132
780, 16236
781, 969
782, 17896
783, 11646
784, 1422
785, 43
786, 14491
787, 6919
788, 16015
789, 21572
790, 30425
791, 24797
792, 4187
793, 7292
794, 19172
795, 3979
796, 8443
797, 2145
798, 27450
799, 27153
800, 12046
801, 2882
802, 25170
803, 11621
804, 2564
805, 20742
806, 13799
807, 28222
808, 26739
809, 2923
810, 28322
811, 4773
812, 12490
813, 29682
814, 13993
815, 15692
816, 29369
817, 30859
818, 11356
819, 592
820, 31756
821, 9187
822, 25707
823, 18705
824, 7551
825, 21118
826, 9946
827, 22759
828, 19378
829, 13212
830, 30089
831, 21189
832, 8605
833, 8790
834, 27838
835, 31737
836, 17348
837, 9037
838, 27284
839, 17278
840, 18028
841, 13951
842, 7952
843, 29302
844, 28167
845, 26964
846, 26419
847, 5625
848, 18741
849, 1382
850, 15594
851, 23007
852, 6697
853, 18680
854, 12027
855, 143
856, 20983
857, 28805
858, 27105
859, 28363
860, 11141
861, 30117
862, 350
863, 2942
864, 14794
865, 22937
866, 1821
867, 17051
868, 7727
869, 24898
870, 24621
871, 22256
872, 29349
873, 30337
874, 16204
875, 16583
876, 6785
877, 26820
878, 27018
879, 12334
880, 29146
881, 27583
882, 8043
883, 257
884, 4578
885, 17830
886, 20890
887, 5140
888, 29674
889, 25011
890, 31365
891, 29098
892, 31876
893, 2793
894, 3017
895, 2196
896, 22879
897, 3822
898, 21457
899, 5568
900, 9734
901, 5176
902, 17091
903, 23038
904, 29854
905, 3257
906, 29822
907, 21655
908, 17868
909, 31959
910, 14164
911, 2344
912, 29504
913, 13714
914, 13516
915, 6875
916, 21292
917, 9691
918, 30921
919, 6222
920, 18972
921, 6922
922, 23062
923, 1031
924, 13447
925, 21246
926, 25368
927, 28022
928, 10119
929, 17943
930, 23068
931, 2368
932, 30105
933, 24242
934, 18631
935, 14506
936, 24262
937, 27504
938, 22652
939, 25694
940, 2762
941, 6078
942, 30508
943, 7851
944, 2526
945, 11203
946, 20876
947, 4111
948, 2237
949, 1694
950, 6960
951, 15818
952, 18540
953, 849
954, 1928
955, 6344
956, 7640
957, 8607
958, 25
959, 4222
960, 27809
961, 29115
962, 20493
963, 10410
964, 21894
965, 29274
966, 5664
967, 27009
968, 25270
969, 20806
970, 802
971, 19102
972, 29930
973, 28231
974, 8808
975, 32362
976, 16055
977, 9949
978, 5565
979, 28149
980, 8954
981, 27659
982, 28481
983, 23793
984, 10470
985, 29009
986, 12416
987, 30945
988, 18609
989, 12354
990, 32372
991, 16277
992, 3419
993, 10427
994, 18566
995, 32466
996, 26978
997, 25184
998, 17377
999, 9455
1000, 29697
